
Species :    1 (Fe), atom :    1
 n =  1, l =  0, k =  1 :   -255.9972739    
 n =  2, l =  0, k =  1 :   -29.46477293    
 n =  2, l =  1, k =  1 :   -25.36554664    
 n =  2, l =  1, k =  2 :   -24.90795328    
