
Species :    1 (Fe), atom :    1
 n =  1, l =  0, k =  1 :   -255.9972677    
 n =  2, l =  0, k =  1 :   -29.46476678    
 n =  2, l =  1, k =  1 :   -25.36554037    
 n =  2, l =  1, k =  2 :   -24.90794702    
